{
  "lr_rmse": 4.672151091069773,
  "lr_r2": 0.6998109107612378,
  "rf_rmse": 3.4970267937490838,
  "rf_r2": 0.8318259181988554
}