{
  "lr_rmse": 4.676192933122466,
  "lr_r2": 0.6992913035496786,
  "rf_rmse": 3.4480161947358563,
  "rf_r2": 0.8365067829667576
}