{
  "n_rows": 506,
  "LSTAT_mean": 126.37561204139548,
  "LSTAT_std": 70.72680951574324,
  "RM_mean": 1.7576395643615306,
  "RM_std": 0.2245179760314987,
  "MEDV_mean": 22.544980237154153,
  "MEDV_std": 9.175344367217745
}