{
  "n_rows": 506,
  "LSTAT_mean": 31.60167040817601,
  "LSTAT_std": 17.682237379458954,
  "RM_mean": 4.408556537366948,
  "RM_std": 0.48943488552677095,
  "MEDV_mean": 22.544980237154153,
  "MEDV_std": 9.175344367217745
}