{
  "lr_rmse": 4.682208647679364,
  "lr_r2": 0.6985171091170537,
  "rf_rmse": 3.4451479137950938,
  "rf_r2": 0.8367786781104256
}