{
  "lr_rmse": 4.677241047455907,
  "lr_r2": 0.6991564877193265,
  "rf_rmse": 3.588434009016344,
  "rf_r2": 0.822919363823068
}