{
  "n_rows": 506,
  "LSTAT_mean": 11494619413.703056,
  "LSTAT_std": 6433911808.344054,
  "RM_mean": 0.015043992296549213,
  "RM_std": 0.13344772961259457,
  "MEDV_mean": 22.544980237154153,
  "MEDV_std": 9.175344367217745
}