{
  "lr_rmse": 4.757552627046516,
  "lr_r2": 0.6887363917088722,
  "rf_rmse": 3.293872767381084,
  "rf_r2": 0.8507979518762256
}