{
  "n_rows": 506,
  "LSTAT_mean": 789.8947360148114,
  "LSTAT_std": 442.14889749479494,
  "RM_mean": 0.8609695961965647,
  "RM_std": 0.15704610066034086,
  "MEDV_mean": 22.544980237154153,
  "MEDV_std": 9.175344367217745
}