{
  "lr_rmse": 4.778956241802554,
  "lr_r2": 0.6859294222454377,
  "rf_rmse": 3.01764420019835,
  "rf_r2": 0.874773220971707
}