{
  "lr_rmse": 4.673917558896446,
  "lr_r2": 0.6995838741770284,
  "rf_rmse": 3.358656352041949,
  "rf_r2": 0.8448712524174025
}