{
  "n_rows": 506,
  "LSTAT_mean": 50.59467363826189,
  "LSTAT_std": 28.26360875494832,
  "RM_mean": 2.513794452901276,
  "RM_std": 0.28522236684834024,
  "MEDV_mean": 22.544980237154153,
  "MEDV_std": 9.175344367217745
}