{
  "n_rows": 506,
  "LSTAT_mean": 179603428338.99344,
  "LSTAT_std": 100529872005.586,
  "RM_mean": 0.0007158384031171528,
  "RM_std": 0.1283234451744068,
  "MEDV_mean": 22.544980237154153,
  "MEDV_std": 9.175344367217745
}