{
  "lr_rmse": 4.667819648232786,
  "lr_r2": 0.7003672494319368,
  "rf_rmse": 3.4712810385564254,
  "rf_r2": 0.8342930599834959
}