{
  "n_rows": 506,
  "LSTAT_mean": 1974.746961208127,
  "LSTAT_std": 1105.341483355819,
  "RM_mean": 0.6048930295584132,
  "RM_std": 0.14486461028212622,
  "MEDV_mean": 22.544980237154153,
  "MEDV_std": 9.175344367217745
}