{
  "n_rows": 506,
  "LSTAT_mean": 28736548534.25261,
  "LSTAT_std": 16084779520.893425,
  "RM_mean": 0.004146563145716972,
  "RM_std": 0.1396433988613396,
  "MEDV_mean": 22.544980237154153,
  "MEDV_std": 9.175344367217745
}