{
  "lr_rmse": 4.652374219624013,
  "lr_r2": 0.7023468886827904,
  "rf_rmse": 3.4545690906447954,
  "rf_r2": 0.8358847603209837
}