{
  "lr_rmse": 4.828421819335035,
  "lr_r2": 0.6793940683413174,
  "rf_rmse": 3.343923821936481,
  "rf_r2": 0.8462291921644194
}