{
  "n_rows": 506,
  "LSTAT_mean": 1839139106.187442,
  "LSTAT_std": 1029425889.3315136,
  "RM_mean": 0.015075260804320659,
  "RM_std": 0.1397750051859048,
  "MEDV_mean": 22.544980237154153,
  "MEDV_std": 9.175344367217745
}