{
  "n_rows": 506,
  "LSTAT_mean": 71841371335.60437,
  "LSTAT_std": 40211948802.24544,
  "RM_mean": -0.006696360615452244,
  "RM_std": 0.1307813915253308,
  "MEDV_mean": 22.544980237154153,
  "MEDV_std": 9.175344367217745
}