{
  "n_rows": 506,
  "LSTAT_mean": 12.642073122529647,
  "LSTAT_std": 7.074084105121006,
  "RM_mean": 6.287106126482214,
  "RM_std": 0.6788763843147099,
  "MEDV_mean": 22.544980237154153,
  "MEDV_std": 9.175344367217745
}