{
  "lr_rmse": 4.66926097435043,
  "lr_r2": 0.7001821800772163,
  "rf_rmse": 3.544366586471338,
  "rf_r2": 0.8272419024057291
}