{
  "lr_rmse": 4.712963814332993,
  "lr_r2": 0.6945435105823272,
  "rf_rmse": 3.5396635341682487,
  "rf_r2": 0.8277000668187626
}