{
  "lr_rmse": 4.718352575793382,
  "lr_r2": 0.6938445987076582,
  "rf_rmse": 3.46731195724147,
  "rf_r2": 0.83467178374614
}