{
  "lr_rmse": 4.69509143226785,
  "lr_r2": 0.6968558066708479,
  "rf_rmse": 3.481139313363696,
  "rf_r2": 0.8333505236773807
}