{
  "n_rows": 506,
  "LSTAT_mean": 1122521427118.7473,
  "LSTAT_std": 628311700034.8301,
  "RM_mean": -0.0032408189552227966,
  "RM_std": 0.13457708125548368,
  "MEDV_mean": 22.544980237154153,
  "MEDV_std": 9.175344367217745
}