{
  "lr_rmse": 4.8316449037786295,
  "lr_r2": 0.6789659015742738,
  "rf_rmse": 2.9904023450932624,
  "rf_r2": 0.8770239909450177
}