{
  "n_rows": 506,
  "LSTAT_mean": 50.551522329001365,
  "LSTAT_std": 28.286086733418895,
  "RM_mean": 2.510971069149325,
  "RM_std": 0.2893372601685216,
  "MEDV_mean": 22.544980237154153,
  "MEDV_std": 9.175344367217745
}