{
  "n_rows": 506,
  "LSTAT_mean": 4597847765.477587,
  "LSTAT_std": 2573564723.323687,
  "RM_mean": 0.008013866786600394,
  "RM_std": 0.13104804026882144,
  "MEDV_mean": 22.544980237154153,
  "MEDV_std": 9.175344367217745
}