{
  "n_rows": 506,
  "LSTAT_mean": 2806303567796.873,
  "LSTAT_std": 1570779250087.08,
  "RM_mean": -0.004369248592798255,
  "RM_std": 0.1394328699364175,
  "MEDV_mean": 22.544980237154153,
  "MEDV_std": 9.175344367217745
}