{
  "n_rows": 506,
  "LSTAT_mean": 31.59188082927148,
  "LSTAT_std": 17.684560189327584,
  "RM_mean": 4.404957307686703,
  "RM_std": 0.4872261786723704,
  "MEDV_mean": 22.544980237154153,
  "MEDV_std": 9.175344367217745
}